A Million Light Years Away - Stratovarius (Arranged for Weird Musical Thing™ by Nixola)

54 200 52 200 47 200 54 400 52 400 47 200
54 200 52 200 47 200 54 400 52 400 47 200

55 200 54 200 48 200 55 400 54 400 48 200
55 200 54 200 48 200 55 400 54 400 48 200

54 200 52 200 47 200 54 400 52 400 47 200
54 200 52 200 47 200 54 400 52 400 47 200

55 200 54 200 48 200 55 400 54 400 48 200
57 200 55 200 50 200 57 400 55 400 50 200

54 200 52 200 47 200 54 400 52 400 47 200
54 200 52 200 47 200 54 400 52 400 47 200

55 200 54 200 48 200 55 400 54 400 48 200
55 200 54 200 48 200 55 400 54 400 48 200

54 200 52 200 47 200 54 400 52 400 47 200
54 200 52 200 47 200 54 400 52 400 47 200

55 200 54 200 48 200 55 400 54 400 48 200
57 200 55 200 50 200 57 400 55 200 54 200 50 200

52 200 52 400 52 200 52 400 52 200 52 400 *p* 1400
52 200 52 400 52 200 52 400 52 200 52 400 *p* 1200 47 200

52 200 54 400 55 400 57 400 54 800 50 800 47 200
52 200 54 400 55 400 57 400 54 800 *p* 800 47 200

52 200 54 400 55 400 57 400 54 800 50 800 47 200
52 200 54 400 55 400 57 400 54 800 *p* 800 50 200

59 400 57 200 57 400 55 400 54 800 50 800 47 200
52 200 54 400 55 400 57 400 54 800 *p* 800 47 200

52 200 54 400 55 400 57 400 54 800 50 800 47 200
59 400 57 200 57 600 55 200 54 800 *p* 1000

*p* 800 52 400 54 200 55 800 *p* 1000
*p* 800 52 200 54 400 57 600 55 400 54 200 52 400

*p* 800 52 200 52 200 54 400 55 600 54 400 52 400 55 400
54 1000 52 200 54 200 52 200 50 800 *p* 800

*p* 800 52 400 54 200 55 800 *p* 1000
*p* 800 52 200 54 400 57 600 55 400 54 200 52 400

*p* 800 52 200 52 200 54 400 55 600 54 400 52 400 55 400
54 1000 52 200 54 200 52 200 50 800 *p* 800