//49 51 53 54 56 58


51 150 53 150 54 150 51 150 53 150 54 150 56 150 53 150
58 150 54 150 56 150 53 150 54 150 53 150 51 150 49 150

51 150 53 150 54 150 51 150 53 150 54 150 56 150 53 150
58 150 54 150 56 150 53 150 54 150 53 150 51 150 49 150

51 150 53 150 54 150 51 150 53 150 54 150 56 150 53 150
58 150 54 150 56 150 53 150 54 150 53 150 51 150 49 150

51 150 53 150 54 150 51 150 53 150 54 150 56 150 53 150
58 300 56 300 54 300 53 300

54 300 51 150 54 300 51 150 54 150 51 150 54 300 51 150 54 300 51 150 54 150 51 150
58 300 51 150 58 300 51 150 58 150 51 150 58 300 51 150 58 300 51 150 58 150 51 150